>       # 0.0 0.0 0.0   
-75.3740271304 -16.260207481 6.949 
-73.064 -17.796 6.949 
-72.791 -17.505 17.124 
-75.1012887915 -15.9726380348 17.124 
>       # 0.0 0.0 0.0   
-75.1012887915 -15.9726380348 17.124 
-72.791 -17.505 17.124 
-72.239 -17.183 44.417 
-74.5522011462 -15.6566203391 44.417 
>       # 0.0 0.0 0.0   
-74.5522011462 -15.6566203391 44.417 
-72.239 -17.183 44.417 
-71.795 -16.9 67.354 
-74.1100855178 -15.3784300451 67.354 
>       # 0.0 0.0 0.0   
-74.1100855178 -15.3784300451 67.354 
-71.795 -16.9 67.354 
-71.285 -16.673 89.828 
-73.602967903 -15.1566521184 89.828 
>       # 0.0 0.0 0.0   
-71.48 -25.116 7.027 
-71.8694608236 -27.7996150898 7.027 
-71.2350146073 -27.7982716127 24.151 
-70.86 -25.112 24.151 
>       # 0.0 0.0 0.0   
-70.86 -25.112 24.151 
-71.2350146073 -27.7982716127 24.151 
-70.4613162522 -27.7900763705 52.607 
-70.104 -25.101 52.607 
>       # 0.0 0.0 0.0   
-70.104 -25.101 52.607 
-70.4613162522 -27.7900763705 52.607 
-69.8226562055 -27.7790299938 70.289 
-69.48 -25.088 70.289 
>       # 0.0 0.0 0.0   
-69.48 -25.088 70.289 
-69.8226562055 -27.7790299938 70.289 
-69.0764874143 -27.7628965517 90.0 
-68.751 -25.07 90.0 
