Number xind yind east north data err wgt Elos Nlos Ulos
********************************************************
   0  336 -2594 -70.600540 -23.455191 2.35751104355 0.029133439064 2 0.366336704771 -0.0894728977099 0.926170621059
   1  334 -2597 -70.619736 -23.475057 1.87956023216 0.0358914732933 2 0.367868736514 -0.0898646898879 0.925525218569
   2  335 -2597 -70.607500 -23.474830 2.07759928703 0.112555488944 7 0.366527841084 -0.0895264661844 0.926089819382
   3  338 -2595 -70.583887 -23.464117 2.58988142014 0.153431072831 35 0.364333965077 -0.0889643436695 0.927009227272
   4  334 -2598 -70.620524 -23.490004 1.7230836153 0.0810107812285 6 0.367512614226 -0.0897794900678 0.925674954586
   5  335 -2598 -70.607161 -23.489115 2.01634192467 0.142931461334 9 0.36611720174 -0.0894242297262 0.926262112864
   6  334 -2600 -70.624746 -23.507214 1.48115158081 0.0648929327726 6 0.367458242153 -0.0897714228841 0.925697321973
   7  335 -2600 -70.610219 -23.505570 1.74034821987 0.150408446789 6 0.365903322637 -0.0893787228207 0.926351014675
   8  337 -2598 -70.591029 -23.488890 2.44582772255 0.0963633283973 6 0.36443279966 -0.0889929001906 0.92696763603
   9  339 -2598 -70.570902 -23.489592 2.65625953674 0.0843682661653 3 0.362359394236 -0.0884608252876 0.927830993122
  10  337 -2600 -70.588776 -23.507361 2.12897586823 0.120976097882 8 0.363499855828 -0.0887715799472 0.927355089169
  11  339 -2600 -70.572954 -23.509922 2.36186385155 0.091160222888 7 0.36177205661 -0.088329563075 0.92807266275
  12  342 -2595 -70.542678 -23.464905 3.03522562981 0.0816300213337 19 0.359620611239 -0.0877747303748 0.928961039376
  13  345 -2595 -70.509747 -23.458584 3.37636208534 0.169981867075 15 0.356103727907 -0.0868944788614 0.930397487375
  14  342 -2599 -70.542224 -23.500228 2.65995883942 0.145680338144 17 0.358400099326 -0.0874838380196 0.929460029742
  15  338 -2580 -70.575089 -23.330301 3.99428129196 0.207782700658 31 0.367341728426 -0.0896841745415 0.925752020464
  16  338 -2584 -70.578957 -23.363709 3.45899963379 0.147730410099 34 0.366744387631 -0.0895449214224 0.926002300855
  17  344 -2582 -70.523876 -23.347423 4.2175579071 0.327584952116 130 0.361132136634 -0.0881237810513 0.928341413007
  18  338 -2588 -70.580112 -23.397164 3.07937932014 0.138750404119 35 0.365864712487 -0.089333584073 0.92637061855
  19  338 -2592 -70.576144 -23.431110 2.82069921494 0.123090416193 31 0.364394959369 -0.088973876321 0.926984338012
  20  344 -2590 -70.524917 -23.414595 3.51834511757 0.282039135695 126 0.359197412876 -0.0876575535382 0.929135819938
  21  340 -2565 -70.562583 -23.194851 5.03962802887 0.0499463789165 7 0.370027218483 -0.0903191640316 0.92462008749
  22  338 -2569 -70.577909 -23.228599 4.89025306702 0.158687487245 34 0.370737466969 -0.0905064274196 0.92431721675
  23  343 -2567 -70.524638 -23.211733 5.42320632935 0.118920087814 129 0.365351304086 -0.089143614983 0.926591517612
  24  336 -2572 -70.599294 -23.252168 4.50697612762 0.0716664642096 6 0.372367281497 -0.090925753976 0.92362065532
  25  336 -2574 -70.598831 -23.271963 4.38371086121 0.060189332813 4 0.371708184391 -0.0907667353098 0.923901740131
  26  338 -2573 -70.579109 -23.262766 4.77368593216 0.145070493221 32 0.369860357012 -0.090295216105 0.924689185759
  27  338 -2577 -70.580409 -23.296047 4.40756320953 0.16626778245 32 0.368980090071 -0.0900850675361 0.925061281072
  28  344 -2575 -70.524039 -23.279408 5.04771518707 0.228754833341 131 0.363220243357 -0.0886287868982 0.927478297832
  29  341 -2550 -70.545736 -23.056296 3.93368530273 0.0308128148317 3 0.372313694811 -0.0908520411099 0.92364951106
  30  343 -2550 -70.528763 -23.052444 4.05138349533 0.0613659135997 8 0.370581644881 -0.0904133909409 0.92438880522
  31  341 -2551 -70.547679 -23.067964 4.06409502029 0.0574841983616 9 0.372201915923 -0.0908265291611 0.923697069056
  32  343 -2551 -70.529635 -23.068751 4.22781181335 0.0700506940484 11 0.370240777857 -0.0903297908594 0.924533555527
  33  344 -2549 -70.513331 -23.050772 4.12242364883 0.0157486218959 6 0.368933921384 -0.0899962231854 0.925088342519
  34  345 -2551 -70.512212 -23.066223 4.25130319595 0.0533931180835 6 0.36835339271 -0.0898546076266 0.925333414271
  35  342 -2554 -70.540228 -23.093028 4.46990871429 0.172954425216 40 0.370713850443 -0.090454631735 0.924331758995
  36  345 -2554 -70.508527 -23.094152 4.63531923294 0.158870086074 22 0.36717518046 -0.0895621175468 0.92582990552
  37  339 -2558 -70.564552 -23.124098 4.50824356079 0.170020714402 16 0.372390840936 -0.0908907143272 0.923614605577
  38  339 -2561 -70.564723 -23.156603 4.82488870621 0.103698886931 14 0.37144332811 -0.0906620253189 0.924018533996
  39  342 -2558 -70.539978 -23.126479 4.91405534744 0.18204382062 38 0.36970040552 -0.0902087885288 0.924761582588
  40  346 -2558 -70.502896 -23.127216 5.08803415298 0.10020147264 22 0.365496566604 -0.0891533182319 0.926533294409
  41  342 -2562 -70.540508 -23.161425 5.21308279037 0.118670791388 36 0.368680167016 -0.0899641234615 0.925192623694
  42  346 -2562 -70.502937 -23.160879 5.35607910156 0.0639342218637 26 0.364440291577 -0.0888993350921 0.926973668502
  43  354 -2625 -70.427582 -23.729637 0.687703549862 0.0697175785899 9 0.338485877197 -0.0825333055279 0.937344954868
  44  353 -2626 -70.438670 -23.745213 0.425327688456 0.0509588159621 3 0.339236771728 -0.0827296165828 0.937056147329
  45  354 -2626 -70.426578 -23.745666 0.451156139374 0.0791791155934 10 0.337874063276 -0.0823833734699 0.937578848493
  46  354 -2628 -70.425149 -23.762297 0.206070765853 0.0676783621311 7 0.337198329549 -0.0822181792318 0.937836583608
  47  355 -2630 -70.421061 -23.775687 0.0191039275378 0.0369254238904 3 0.336323923658 -0.0820014244257 0.938169486163
  48  358 -2628 -70.392326 -23.762600 0.104465968907 0.349006682634 77 0.333505594062 -0.0812818096673 0.939237608993
  49  360 -2635 -70.371917 -23.820823 -0.737744212151 0.191069751978 76 0.329375563669 -0.080255517857 0.940782009772
  50  360 -2612 -70.371108 -23.619120 2.93985652924 0.460864901543 109 0.335468593184 -0.0817393004081 0.938498540093
  51  359 -2619 -70.377770 -23.679339 1.58524119854 0.324461400509 104 0.334413930161 -0.0814873367481 0.938896766031
  52  352 -2596 -70.444165 -23.470339 4.11261129379 0.207614734769 73 0.348347710316 -0.0849434730588 0.933508692569
  53  359 -2597 -70.378965 -23.482539 4.64913845062 0.148861810565 140 0.340667454214 -0.0830044997338 0.936512647359
  54  359 -2605 -70.372350 -23.550966 4.15583562851 0.293337702751 125 0.337755568222 -0.0822933438884 0.937629447963
  55  351 -2582 -70.450740 -23.347861 4.673828125 0.151596441865 127 0.352911205937 -0.0860524610566 0.931691287214
  56  359 -2582 -70.377314 -23.347934 4.92528867722 0.062727548182 135 0.344616961762 -0.0839610819009 0.934981115527
  57  351 -2590 -70.450492 -23.415448 4.33563566208 0.228004381061 128 0.350795378766 -0.0855407884194 0.93253706401
  58  359 -2590 -70.377557 -23.416369 4.85546207428 0.0787056460977 135 0.342568579659 -0.0834628760722 0.935778134254
  59  351 -2567 -70.448694 -23.212479 5.3727145195 0.0771656632423 127 0.356782507748 -0.0869888331551 0.930128585235
  60  359 -2567 -70.374596 -23.212827 4.98684692383 0.153227329254 131 0.348408348692 -0.0848796257979 0.933491870177
  61  351 -2575 -70.449920 -23.279843 5.11310338974 0.137453228235 127 0.354884473685 -0.0865299273708 0.930897191964
  62  359 -2575 -70.375721 -23.280679 4.90842628479 0.0866976752877 136 0.346498782718 -0.0844156195021 0.934244398837
  63  352 -2555 -70.440454 -23.102253 4.66424655914 0.0574095547199 26 0.35917314918 -0.0875595882491 0.929154436794
  64  359 -2553 -70.367845 -23.083845 4.38786268234 0.143696948886 94 0.351559671123 -0.0856372229655 0.932240346522
  65  351 -2560 -70.448010 -23.144380 5.08826255798 0.175371274352 132 0.358758180274 -0.0874669742136 0.929323461723
  66  359 -2560 -70.374677 -23.145081 4.78038311005 0.167372912169 127 0.350468772607 -0.0853800086691 0.932674591456
  67  364 -2640 -70.327678 -23.873526 -1.023671031 0.0170010216534 26 0.322626682208 -0.0785687367348 0.943259761431
  68  368 -2640 -70.290078 -23.873818 -1.048407197 0.00764454714954 29 0.318199661468 -0.0774583678694 0.94485405047
  69  368 -2644 -70.293676 -23.906931 -0.994958639145 0.0311392378062 22 0.317579891473 -0.0773111781876 0.945074597193
  70  367 -2647 -70.300288 -23.934471 -0.891349315643 0.0263087470084 6 0.317490296193 -0.0772954919666 0.945105982811
  71  368 -2646 -70.289520 -23.928875 -0.90388906002 0.0130842626095 2 0.316410839874 -0.0770226941283 0.945490182392
  72  367 -2649 -70.299701 -23.949002 -0.806171894073 0.0219835024327 5 0.316981848139 -0.0771701485994 0.945286875036
  73  367 -2627 -70.304972 -23.756092 0.0637806132436 0.318481385708 110 0.323624630515 -0.0787912545921 0.94289927178
  74  372 -2627 -70.255853 -23.752775 -0.0861089900136 0.230124205351 48 0.318041082927 -0.0773833353226 0.944913588105
  75  366 -2635 -70.306262 -23.823306 -0.780959308147 0.173783928156 116 0.321669315517 -0.0783175962618 0.943607548492
  76  366 -2612 -70.308325 -23.620145 2.81830573082 0.522300601006 107 0.328329711832 -0.0799325847384 0.94117500085
  77  373 -2612 -70.238257 -23.619071 1.76304912567 0.451390594244 102 0.320195695224 -0.077888251005 0.944144129418
  78  366 -2620 -70.305738 -23.686170 1.24092495441 0.402086317539 105 0.325965504017 -0.0793562711746 0.942045154128
  79  372 -2619 -70.247265 -23.685331 0.765400767326 0.318416416645 75 0.319164120509 -0.0776469119303 0.944513219202
  80  366 -2597 -70.306058 -23.483557 4.12093925476 0.32059147954 124 0.332442655781 -0.0809210691427 0.939645497614
  81  374 -2597 -70.229859 -23.484800 2.85645270348 0.463536769152 102 0.32350220839 -0.0786770603247 0.942950815974
  82  366 -2605 -70.308161 -23.550167 3.8796505928 0.342407464981 108 0.330586215293 -0.0804740380837 0.940338600427
  83  374 -2605 -70.230651 -23.553326 2.42875027657 0.487352132797 113 0.32138676257 -0.0781685433167 0.943716179622
  84  366 -2582 -70.303553 -23.349019 4.83128499985 0.138389885426 134 0.336249238482 -0.0818471270047 0.938209729976
  85  374 -2582 -70.230017 -23.349504 4.03616476059 0.362752795219 142 0.327911029479 -0.0797363905606 0.94133759341
  86  366 -2590 -70.303993 -23.416318 4.60306692123 0.195694133639 136 0.334248189162 -0.0813599354451 0.938966830589
  87  373 -2590 -70.234042 -23.415770 3.77561569214 0.435012757778 115 0.326262851409 -0.0793434124769 0.94194329696
  88  366 -2567 -70.304717 -23.213026 4.39178609848 0.275317460299 143 0.340583648162 -0.0828993068063 0.936552445694
  89  374 -2567 -70.230716 -23.213838 3.25329637527 0.493430644274 140 0.332192431461 -0.0807774814706 0.939746341822
  90  366 -2575 -70.302163 -23.281131 4.57001686096 0.170075982809 147 0.338230299343 -0.0823236305014 0.937455644
  91  374 -2575 -70.229512 -23.280956 3.68303537369 0.419254541397 132 0.330029624798 -0.0802473289077 0.940553460979
  92  366 -2552 -70.302867 -23.076594 4.11807441711 0.169946178794 152 0.344545021738 -0.0838592327166 0.935016768344
  93  374 -2552 -70.227068 -23.080222 3.25990724564 0.343703269958 113 0.335821999723 -0.0816600312723 0.938379040577
  94  366 -2560 -70.301454 -23.146275 3.93279671669 0.395051926374 140 0.342177874715 -0.0832880655799 0.935936643255
  95  374 -2560 -70.228154 -23.146589 2.75547003746 0.314893394709 132 0.333855111221 -0.0811862799453 0.939121692147
  96  368 -2538 -70.283971 -22.948530 4.07925796509 0.0386047102511 98 0.346238747361 -0.0842546405234 0.934355331432
  97  373 -2537 -70.234864 -22.939064 4.04912948608 0.114210642874 130 0.34116959257 -0.0829581949886 0.93633393989
  98  366 -2545 -70.299285 -23.010693 4.14338254929 0.0682160630822 144 0.346142241877 -0.0842437313002 0.934392070881
  99  374 -2545 -70.223162 -23.014144 3.83288240433 0.243973478675 66 0.33746513573 -0.0820494185445 0.937755391924
 100  368 -2522 -70.284689 -22.806327 5.23255968094 0.146925240755 114 0.350714950724 -0.0853366921814 0.932586013355
 101  373 -2522 -70.230040 -22.808212 4.22154092789 0.544904232025 131 0.344689685364 -0.0838037776167 0.934968420676
 102  368 -2529 -70.277593 -22.871592 4.6193447113 0.237992599607 58 0.347814911085 -0.0846326808205 0.933735560512
 103  373 -2530 -70.231088 -22.875396 4.28043270111 0.326874166727 160 0.342677435025 -0.0833216108415 0.935750866786
 104  369 -2506 -70.271267 -22.656864 4.65047502518 0.0730896890163 23 0.353660372704 -0.0860399705094 0.931408323053
 105  369 -2509 -70.270862 -22.688366 4.83452749252 0.0333400890231 23 0.35265521339 -0.0857965876055 0.931811808266
 106  373 -2507 -70.228705 -22.671722 4.33219146729 0.399197936058 148 0.348591516383 -0.0847552806144 0.933434784607
 107  368 -2515 -70.276835 -22.746249 4.96559762955 0.0858513042331 75 0.35160620256 -0.085546916034 0.932231089097
 108  373 -2515 -70.229981 -22.738332 4.22537660599 0.5217192173 141 0.346747247536 -0.084307143293 0.934162005177
 109  374 -2492 -70.222524 -22.537268 3.41303372383 0.228095069528 171 0.352035751948 -0.0855798839551 0.932065938018
 110  373 -2500 -70.229088 -22.604204 4.05071544647 0.313472926617 161 0.350719794286 -0.0852695913332 0.932590329507
 111  374 -2477 -70.221488 -22.400874 4.00799465179 0.27172011137 170 0.356036299544 -0.0865483562103 0.930455552643
 112  374 -2485 -70.220574 -22.467635 3.69358587265 0.400264024734 160 0.353848224461 -0.086020842715 0.931338740021
 113  374 -2462 -70.213558 -22.266993 3.95231223106 0.168121308088 162 0.359259246953 -0.0873159579488 0.929144077615
 114  374 -2470 -70.218347 -22.334050 3.98887634277 0.16201402247 169 0.357753961498 -0.0869579268599 0.929758259973
 115  376 -2445 -70.201441 -22.113581 3.51072144508 0.226159408689 44 0.36232071373 -0.0880532317764 0.927884868276
 116  373 -2450 -70.222207 -22.153880 3.39875984192 0.0651424005628 7 0.363338886982 -0.088326795535 0.927460635497
 117  375 -2449 -70.204499 -22.147328 3.85332751274 0.178008198738 46 0.361770420451 -0.0879173362632 0.928112441933
 118  375 -2453 -70.204231 -22.180647 3.91206026077 0.144782602787 53 0.360760562104 -0.0876717367539 0.928528665904
 119  373 -2457 -70.224963 -22.216862 3.62639904022 0.0668533369899 12 0.361765829274 -0.0879492235886 0.928111210384
 120  376 -2457 -70.203021 -22.214952 3.96353793144 0.126821443439 57 0.359617919105 -0.087392541488 0.928998114073
 121  381 -2567 -70.157340 -23.212731 1.93263983727 0.346371144056 118 0.323773623282 -0.0786553353222 0.942859469429
 122  380 -2575 -70.166448 -23.280453 2.3074798584 0.390119254589 80 0.322749055246 -0.0784133573039 0.943230826857
 123  381 -2552 -70.155342 -23.078566 2.22609186172 0.384193956852 134 0.327639517247 -0.0795972579137 0.941443903412
 124  387 -2552 -70.099740 -23.077509 1.30183422565 0.200361549854 55 0.321231080087 -0.0779833061525 0.943784507792
 125  381 -2560 -70.155623 -23.146589 1.77725756168 0.276294648647 138 0.325572490014 -0.0790945592058 0.942203059032
 126  381 -2537 -70.151028 -22.944206 2.92512369156 0.441564887762 132 0.331318265163 -0.080484954809 0.940079985543
 127  388 -2537 -70.086202 -22.942677 1.55161345005 0.383459061384 107 0.32393608005 -0.0786209887094 0.942806531679
 128  381 -2545 -70.153314 -23.011802 2.80825829506 0.422309309244 139 0.329473221647 -0.0800406020875 0.940766123027
 129  388 -2545 -70.090887 -23.010444 1.63793385029 0.274106025696 77 0.322298106442 -0.0782326375172 0.943400013256
 130  381 -2522 -70.150638 -22.807862 2.42293381691 0.479061603546 130 0.335538119224 -0.0815052476237 0.938494041088
 131  389 -2522 -70.079487 -22.808978 0.831952214241 0.493969082832 128 0.327348044331 -0.0794400788919 0.94155856522
 132  382 -2530 -70.150112 -22.875892 2.71810173988 0.476853638887 119 0.333385795524 -0.0809818867406 0.939306044568
 133  389 -2530 -70.080315 -22.876131 1.1658205986 0.47866794467 125 0.325345688535 -0.0789556722352 0.942293046124
 134  381 -2507 -70.149609 -22.673909 2.55897951126 0.514861166477 140 0.339553151839 -0.0824773121795 0.936963793352
 135  389 -2507 -70.079923 -22.672669 1.01911270618 0.423695504665 124 0.331651646094 -0.0804828382071 0.939962604786
 136  382 -2515 -70.149020 -22.740382 2.31166028976 0.540887832642 152 0.337467328358 -0.0819692346361 0.937761615158
 137  389 -2515 -70.079553 -22.740956 0.70725941658 0.408410429955 119 0.329575310498 -0.0799727988936 0.940736129926
 138  381 -2492 -70.150898 -22.536750 2.35695290565 0.400141239166 122 0.344080017097 -0.0835657190947 0.935214260171
 139  389 -2492 -70.075574 -22.537446 1.0118701458 0.385224789381 116 0.335334467296 -0.0813711801077 0.938578460275
 140  381 -2500 -70.149302 -22.605266 2.62182116508 0.438192337751 124 0.341643272054 -0.0829827388004 0.936159035486
 141  389 -2500 -70.076170 -22.606372 1.13782310486 0.403884381056 125 0.333182646478 -0.0808560229382 0.939388965041
 142  381 -2477 -70.148670 -22.403857 2.45161604881 0.495286047459 129 0.347868898062 -0.0844827565018 0.933729025797
 143  389 -2477 -70.077976 -22.402469 0.941956579685 0.441829144955 133 0.339862104251 -0.0824653324318 0.936852826778
 144  381 -2485 -70.150717 -22.469563 2.12086820602 0.486690104008 149 0.346145483596 -0.0840642111184 0.934407037963
 145  389 -2485 -70.075400 -22.470153 0.714991688728 0.355529099703 116 0.3375026887 -0.0818892795281 0.937755874958
 146  381 -2462 -70.148449 -22.265215 3.12209010124 0.402493298054 127 0.352190874352 -0.0855221049877 0.932012638102
 147  389 -2462 -70.075492 -22.265893 1.68564605713 0.426202893257 120 0.343775053383 -0.0834104345254 0.935340265403
 148  381 -2470 -70.149700 -22.333588 2.92800951004 0.409378170967 120 0.350210108671 -0.085046121012 0.932802249722
 149  389 -2470 -70.075832 -22.335658 1.40551745892 0.462291806936 125 0.341639187975 -0.0828954884453 0.936168255836
 150  381 -2447 -70.149463 -22.130310 3.68264174461 0.276992022991 152 0.35620611398 -0.0865054894024 0.930394542475
 151  389 -2447 -70.072805 -22.130599 2.29039931297 0.48043358326 126 0.347467272964 -0.0843099781753 0.933894170556
 152  381 -2455 -70.149382 -22.198363 3.39901566505 0.363086223602 135 0.3542516474 -0.0860261546046 0.93118487479
 153  389 -2455 -70.072888 -22.199019 1.98792421818 0.449172765017 126 0.345450160801 -0.0838178512042 0.934686447009
 154  381 -2432 -70.151514 -21.993448 2.64900970459 0.285457998514 186 0.360606234262 -0.0875698000282 0.928598230633
 155  389 -2432 -70.075107 -21.997065 1.74945068359 0.378269851208 124 0.352032289937 -0.0854036656485 0.932083408679
 156  381 -2440 -70.149718 -22.062843 3.45848655701 0.262623488903 162 0.35821126765 -0.0869938180481 0.92957880965
 157  389 -2440 -70.073787 -22.063805 2.18973016739 0.487083315849 132 0.349703502423 -0.0848471300758 0.933010409862
 158  383 -2417 -70.131381 -21.862090 2.36585831642 0.193171694875 131 0.362063645549 -0.087908905284 0.927998890594
 159  389 -2417 -70.074216 -21.860030 1.96416246891 0.32337230444 145 0.356034288207 -0.0863741527057 0.930472509731
 160  381 -2425 -70.146415 -21.927233 2.34628748894 0.162019148469 188 0.361982487841 -0.0878993477145 0.928031455915
 161  388 -2425 -70.075253 -21.927601 1.65864646435 0.290869355202 137 0.354187152274 -0.0859236113933 0.931218875544
 162  383 -2402 -70.130854 -21.725071 2.21543264389 0.241710990667 115 0.366110319269 -0.0888893567234 0.926316315513
 163  389 -2402 -70.070115 -21.725292 2.18646121025 0.174369603395 144 0.359424038061 -0.087201106515 0.929091130022
 164  383 -2410 -70.129550 -21.791304 2.29534006119 0.222095564008 121 0.364006381086 -0.0883786436847 0.927193922472
 165  389 -2410 -70.071293 -21.793085 2.17909359932 0.248620450497 141 0.357602868854 -0.0867571639581 0.929835137371
 166  389 -2387 -70.071124 -21.590239 1.59097361565 0.230199024081 171 0.363527923331 -0.0881972371086 0.927398887386
 167  383 -2393 -70.122441 -21.640776 1.70895671844 0.246919885278 48 0.367687937664 -0.0892613721951 0.925655436936
 168  381 -2396 -70.147705 -21.666131 1.49158501625 0.0900297984481 7 0.369598986391 -0.0897569615423 0.924846082931
 169  381 -2398 -70.147288 -21.683581 1.60811948776 0.0647547319531 6 0.369032765319 -0.089619781689 0.925085462458
 170  383 -2397 -70.126990 -21.673285 2.09137940407 0.192519471049 45 0.367287018972 -0.0891665742628 0.925823723896
 171  389 -2395 -70.070946 -21.656607 2.06049442291 0.147314444184 142 0.361614572096 -0.0877298536256 0.928190914646
 172  391 -2373 -70.051642 -21.459091 1.0429662466 0.102497190237 89 0.365090482715 -0.0885625409843 0.926750028738
 173  390 -2380 -70.059365 -21.522607 1.2842644453 0.138952568173 129 0.364155792068 -0.088340233915 0.927138912017
 174  390 -2358 -70.054335 -21.321924 2.4336745739 0.234459996223 127 0.369497555693 -0.089628232541 0.924899095182
 175  390 -2364 -70.057616 -21.383090 1.66141164303 0.319462299347 119 0.3680164316 -0.0892757922179 0.925523494567
 176  389 -2342 -70.067952 -21.182587 3.34388875961 0.229076266289 161 0.375230191803 -0.0910210452568 0.922451880848
 177  390 -2350 -70.059708 -21.250243 3.04520010948 0.211002320051 138 0.372353614556 -0.0903168426146 0.923685906392
 178  379 -2324 -70.163830 -21.019811 3.82951116562 0.193467319012 13 0.390556926152 -0.0948123525041 0.915683299644
 179  380 -2325 -70.149335 -21.022453 4.2629699707 0.100112900138 10 0.38904406877 -0.0944277828868 0.916366796853
 180  379 -2326 -70.161549 -21.036384 3.68901252747 0.0799624249339 8 0.389726816328 -0.0946142014688 0.916057400776
 181  380 -2326 -70.148080 -21.038585 4.06827974319 0.160969823599 14 0.388356339567 -0.0942643928323 0.9166752848
 182  383 -2325 -70.118180 -21.029735 4.27053165436 0.0534026660025 35 0.385367494496 -0.093512008157 0.918012744202
 183  380 -2328 -70.145632 -21.056608 3.80565690994 0.189326822758 17 0.387450209756 -0.0940481442492 0.917080847867
 184  383 -2329 -70.119220 -21.065496 3.9423725605 0.163869172335 40 0.384374342203 -0.0932767060278 0.918452949894
 185  389 -2327 -70.064582 -21.047602 4.04807472229 0.0745949745178 149 0.378964592003 -0.0919116376909 0.920835538446
 186  384 -2335 -70.114568 -21.114456 3.46981167793 0.207542657852 71 0.382329722413 -0.0927838511412 0.919355829006
 187  389 -2335 -70.066856 -21.114960 3.8326356411 0.108751125634 142 0.377194333719 -0.0914892832262 0.921604115477
 188  383 -2312 -70.120920 -20.908392 4.41429710388 0.348818391562 101 0.389188362334 -0.0944339107475 0.916304892012
 189  388 -2312 -70.067733 -20.911955 5.05812215805 0.10456225276 129 0.383359875066 -0.0929700615516 0.918907924574
 190  382 -2320 -70.131124 -20.982300 4.25752496719 0.303181231022 132 0.388099120409 -0.0941853362419 0.916792340268
 191  389 -2320 -70.067223 -20.981107 4.51100301743 0.188790157437 137 0.381217064229 -0.0924564114391 0.919850728066
 192  381 -2297 -70.138979 -20.775998 4.14889097214 0.285281807184 163 0.394989102304 -0.0958457853472 0.913672367149
 193  389 -2297 -70.064942 -20.776095 4.66325616837 0.149883791804 145 0.386928815268 -0.0938294802066 0.917323345696
 194  381 -2305 -70.134979 -20.841781 4.30120658875 0.38236695528 151 0.392682103997 -0.0952869102164 0.914724641595
 195  389 -2305 -70.064411 -20.842991 4.98364448547 0.0662947371602 129 0.384941489504 -0.0933502091595 0.918207922046
 196  381 -2282 -70.135585 -20.640506 3.19927072525 0.191177234054 154 0.398494700503 -0.0966830696299 0.912060501128
 197  389 -2282 -70.062532 -20.639876 3.34966278076 0.217383906245 153 0.390612973626 -0.0947123066642 0.915669746034
 198  381 -2290 -70.137185 -20.708140 3.71213841438 0.274535834789 163 0.396719456758 -0.0962596292587 0.912878828983
 199  389 -2290 -70.063964 -20.708396 4.09590387344 0.195855915546 146 0.388790975031 -0.0942758903834 0.916489844039
 200  381 -2267 -70.133336 -20.504130 1.81619024277 0.332145005465 176 0.402190101354 -0.0975639664205 0.910343009436
 201  389 -2267 -70.063496 -20.506185 2.33185648918 0.199701011181 148 0.394793281478 -0.0957092994011 0.913771303395
 202  381 -2275 -70.135019 -20.572536 2.65819740295 0.210193425417 158 0.40042332986 -0.0971429210486 0.911166510465
 203  389 -2275 -70.061988 -20.572705 2.83007001877 0.135759741068 159 0.392612199476 -0.0951875077587 0.914764996701
 204  381 -2252 -70.135628 -20.367934 0.66569674015 0.341795504093 170 0.40646236616 -0.0985835495222 0.908333434736
 205  389 -2252 -70.061813 -20.368200 1.01061320305 0.145496532321 143 0.398550464936 -0.0966092910968 0.912043952764
 206  382 -2260 -70.129022 -20.437925 1.07856237888 0.301858454943 163 0.40363596645 -0.0979044266039 0.909666273883
 207  389 -2260 -70.062500 -20.437754 1.61706578732 0.239652723074 143 0.396631229488 -0.0961498268646 0.912928736862
 208  382 -2237 -70.122530 -20.230508 -1.10922503471 0.143751069903 130 0.408803247617 -0.0991321600176 0.907222530357
 209  389 -2237 -70.059107 -20.234344 -0.556859791279 0.259246200323 154 0.402015375998 -0.0974382994292 0.91043364133
 210  383 -2245 -70.118871 -20.304620 -0.375050395727 0.487243562937 103 0.406316610271 -0.0985347652097 0.908403936728
 211  389 -2245 -70.061304 -20.302274 0.221541658044 0.356426864862 158 0.400287062086 -0.0970277047537 0.911238658331
 212  383 -2222 -70.114831 -20.099835 -1.226364851 0.129782155156 106 0.411811441786 -0.0998378823947 0.905783491599
 213  389 -2222 -70.056549 -20.098915 -1.2277289629 0.0684330910444 137 0.405554240268 -0.0982828765544 0.908771827455
 214  382 -2230 -70.122310 -20.164938 -1.16519677639 0.101863659918 130 0.410729502012 -0.099589035686 0.906301991694
 215  389 -2230 -70.059139 -20.167131 -1.01732683182 0.105063870549 150 0.403970504802 -0.09790495494 0.909517702438
 216  383 -2207 -70.117478 -19.959657 -1.03016471863 0.105319984257 113 0.415999804489 -0.10083847844 0.903756473798
 217  389 -2207 -70.055757 -19.963595 -1.16064667702 0.0799814909697 153 0.409348448133 -0.099186741398 0.90697069321
 218  383 -2215 -70.115100 -20.032380 -1.31382024288 0.0444858148694 98 0.413660413293 -0.10028034494 0.904891659202
 219  389 -2215 -70.058215 -20.030304 -1.3233602047 0.0308989081532 152 0.40767290614 -0.0987908409946 0.907768236575
 220  382 -2192 -70.123472 -19.826874 -0.353256851435 0.192767575383 146 0.420507572666 -0.101912913142 0.901547081114
 221  389 -2192 -70.058629 -19.827504 -0.865921020508 0.181489855051 158 0.413749360116 -0.100232999639 0.90485623874
 222  382 -2200 -70.120061 -19.895257 -0.793537139893 0.0760383158922 130 0.418103407594 -0.101340819195 0.902728962049
 223  389 -2200 -70.058280 -19.895322 -0.97131896019 0.102639377117 156 0.411664547852 -0.0997388828516 0.905861167778
 224  383 -2177 -70.112124 -19.693901 -0.149597778916 0.160779461265 97 0.4230760922 -0.102509098293 0.900276904611
 225  389 -2177 -70.057224 -19.692260 -0.798070430756 0.221359595656 151 0.417363924768 -0.101092605054 0.903098909038
 226  382 -2185 -70.118904 -19.761245 -0.0481703616679 0.16778190434 121 0.42192940934 -0.102244231242 0.90084498706
 227  389 -2185 -70.057316 -19.759589 -0.768720507622 0.233394250274 158 0.41551778201 -0.100652744329 0.903998892639
 228  389 -2162 -70.056731 -19.556914 -1.09883511066 0.310898005962 153 0.421054350447 -0.101969588092 0.90128543596
 229  384 -2170 -70.105595 -19.627530 -0.422156482935 0.102107591927 59 0.42429084291 -0.10278911835 0.899673094947
 230  389 -2170 -70.057681 -19.624620 -0.932268261909 0.219704777002 150 0.419338784388 -0.101561917307 0.90213090007
 231  390 -2147 -70.044252 -19.422263 -1.86444830894 0.266328185797 103 0.423474814422 -0.10253069139 0.90008696184
 232  389 -2155 -70.051191 -19.489818 -1.32909917831 0.40497764945 131 0.422281202826 -0.102255575022 0.900678845714
 233  392 -2133 -70.027387 -19.291072 -2.85560679436 0.130724027753 38 0.425387573886 -0.102965298326 0.899134894954
 234  391 -2140 -70.036709 -19.355048 -2.36811566353 0.244697779417 75 0.424591312038 -0.102786608856 0.899531617444
 235  396 -2507 -70.011508 -22.671311 -0.168485611677 0.290582746267 92 0.323656928442 -0.0784795473296 0.942914181314
 236  394 -2514 -70.024914 -22.736331 -0.303071647882 0.182739585638 54 0.323310232029 -0.078400358248 0.943039701016
 237  396 -2492 -70.006862 -22.538745 -0.137790083885 0.311073958874 119 0.327350085461 -0.0793629749629 0.941564357733
 238  396 -2500 -70.006209 -22.605174 -0.115973412991 0.334682315588 118 0.32513606958 -0.0788303121484 0.942375890048
 239  396 -2477 -70.003666 -22.402720 -0.485334545374 0.421164274216 139 0.331329683414 -0.080315707766 0.940090436062
 240  402 -2477 -69.945889 -22.399245 -1.41143643856 0.151213943958 51 0.324668642306 -0.0786440296828 0.942552592325
 241  396 -2485 -70.003572 -22.469678 -0.502251982689 0.382029771805 131 0.329220856357 -0.0798058317471 0.940874410832
 242  396 -2462 -70.002397 -22.267638 0.195031404495 0.436721414328 128 0.335267442227 -0.0812748306179 0.938610752171
 243  404 -2462 -69.927619 -22.267796 -1.12457501888 0.32891663909 109 0.326481321175 -0.0790750844608 0.941890162355
 244  396 -2470 -70.004109 -22.334677 -0.131703972816 0.457407385111 138 0.333443874732 -0.0808315111503 0.939298381351
 245  403 -2470 -69.934445 -22.333360 -1.38309526443 0.281168729067 87 0.325309246239 -0.078793150202 0.942319231361
 246  396 -2447 -70.002873 -22.131869 0.593280911446 0.487624824047 128 0.339456786071 -0.0822933917644 0.937014881452
 247  404 -2447 -69.927521 -22.133262 -1.01194810867 0.425999283791 121 0.330655446218 -0.0800855985964 0.94034742132
 248  396 -2455 -70.001497 -22.198718 0.461387783289 0.445077687502 125 0.337232837374 -0.0817538175946 0.937864769946
 249  404 -2455 -69.928410 -22.199447 -0.98688942194 0.393233567476 124 0.32871128497 -0.0796152355283 0.941068703871
 250  396 -2432 -69.999485 -21.996178 0.492170810699 0.374961137772 126 0.343344669986 -0.0832244263395 0.935514902315
 251  404 -2432 -69.927738 -21.997043 -0.777995467186 0.363315075636 121 0.335016556131 -0.08113390424 0.938712520797
 252  396 -2440 -70.001723 -22.063726 0.53722012043 0.467542260885 133 0.341507590488 -0.082783289687 0.936226197341
 253  404 -2440 -69.927919 -22.064252 -0.985518455505 0.415055394173 118 0.332937957769 -0.0806321414268 0.939494956903
 254  396 -2417 -69.998764 -21.860410 0.856942474842 0.336563140154 128 0.347414705677 -0.0842088746052 0.93392284891
 255  404 -2417 -69.926154 -21.861567 -0.302095651627 0.331292152405 125 0.339005510346 -0.0820983534271 0.937195350138
 256  396 -2425 -69.999524 -21.928239 0.62286233902 0.317945867777 121 0.345450539994 -0.0837328792148 0.93469392282
 257  404 -2425 -69.926693 -21.929322 -0.5176820755 0.336726158857 125 0.336975614898 -0.0816078289646 0.937969934068
 258  396 -2402 -69.999051 -21.725290 1.2888314724 0.329496771097 135 0.351445786386 -0.085191373225 0.932324133099
 259  404 -2402 -69.927299 -21.725872 0.0771665498614 0.371149271727 128 0.343222724929 -0.083125281503 0.935568462844
 260  396 -2410 -69.998739 -21.792603 1.11202204227 0.368291378021 141 0.349416093933 -0.084696849422 0.933131736144
 261  404 -2410 -69.926584 -21.793331 -0.102219372988 0.342199146748 125 0.341135775263 -0.0826154978533 0.936376560124
 262  396 -2387 -69.998952 -21.590126 1.22755730152 0.265058368444 122 0.355491569013 -0.0861719180395 0.930698740142
 263  404 -2387 -69.924078 -21.590959 0.151645228267 0.348796397448 131 0.346823100683 -0.0840022612549 0.934161312053
 264  396 -2395 -69.998057 -21.657881 1.3439296484 0.304393351078 132 0.353344707447 -0.0856515584789 0.931563915279
 265  404 -2395 -69.927004 -21.657640 0.128518462181 0.38499429822 137 0.345266984142 -0.0836201738774 0.934771831081
 266  396 -2372 -69.997083 -21.454327 0.0859868451953 0.46015816927 135 0.359146160494 -0.087065233049 0.929211321819
 267  404 -2372 -69.924434 -21.454313 -0.955367803574 0.255019009113 134 0.350872362575 -0.0849899739418 0.932558464393
 268  396 -2380 -69.997980 -21.522106 0.766753792763 0.364307850599 135 0.357391636069 -0.0866326348211 0.929927956915
 269  404 -2380 -69.923597 -21.521706 -0.345978975296 0.377857208252 121 0.34883849356 -0.0844913525585 0.933366442912
 270  396 -2357 -69.995742 -21.319124 1.95892810822 0.416958242655 133 0.363206010015 -0.0880370422566 0.927540227419
 271  404 -2357 -69.924688 -21.318375 1.0628619194 0.400904148817 125 0.355153341459 -0.086017795003 0.930842114966
 272  396 -2365 -69.997524 -21.386050 0.699281275272 0.529318928719 134 0.361343337502 -0.0875919114543 0.92830956555
 273  404 -2365 -69.923553 -21.387252 -0.310110300779 0.463588833809 124 0.35287784102 -0.0854699737657 0.931757539761
 274  396 -2342 -69.994715 -21.183016 3.3399643898 0.185724318027 130 0.36707969777 -0.0889751471455 0.925924359047
 275  404 -2342 -69.922346 -21.183122 2.60896992683 0.287447720766 135 0.358886488277 -0.0869216347273 0.929325087334
 276  396 -2350 -69.993896 -21.250547 2.78608775139 0.304045706987 124 0.36502852685 -0.0884761644258 0.926782683758
 277  404 -2350 -69.923401 -21.251530 1.96751761436 0.368043541908 133 0.356968426807 -0.0864580719259 0.930106737994
 278  397 -2327 -69.990598 -21.047080 3.92187476158 0.114176221192 121 0.370654310572 -0.0898334532676 0.924416211849
 279  404 -2327 -69.922671 -21.047064 3.42198419571 0.232894331217 141 0.363040680683 -0.0879232371862 0.927615744008
 280  396 -2335 -69.993116 -21.115790 3.66044235229 0.133814871311 127 0.368884284772 -0.0894097851539 0.925164998672
 281  404 -2335 -69.922783 -21.115825 3.03644871712 0.261227786541 142 0.360981976326 -0.0874267810675 0.928465707886
 282  396 -2312 -69.992362 -20.911742 4.70451211929 0.183235839009 137 0.374848326654 -0.0908470381734 0.922624272204
 283  404 -2312 -69.919795 -20.912770 3.96030473709 0.256424844265 136 0.366665606285 -0.0887982396881 0.9261053967
 284  396 -2320 -69.991810 -20.980131 4.30054616928 0.184990733862 130 0.372756512171 -0.090342627656 0.923520867259
 285  404 -2320 -69.920685 -20.980296 3.75209927559 0.236511453986 140 0.364756279883 -0.0883381737786 0.926903028013
 286  396 -2297 -69.991346 -20.776785 4.47713279724 0.130514740944 149 0.378798287236 -0.0917937108269 0.92091572483
 287  404 -2297 -69.917381 -20.776388 3.93703651428 0.194842204452 129 0.3705224655 -0.0897224375966 0.92447984659
 288  396 -2305 -69.992636 -20.843767 4.67467546463 0.16887563467 143 0.376937366117 -0.0913482977497 0.921723228807
 289  404 -2305 -69.918727 -20.844935 3.92573285103 0.255298674107 130 0.368590942617 -0.089260301486 0.925296339342
 290  396 -2282 -69.990874 -20.642047 3.27360916138 0.314943760633 134 0.382693239177 -0.0927310228251 0.919209900999
 291  404 -2282 -69.918927 -20.641248 3.09092664719 0.252802670002 135 0.374667621005 -0.0907246969068 0.922709706864
 292  396 -2290 -69.992580 -20.708956 4.13082170486 0.161410242319 143 0.380922456425 -0.0923066764926 0.919987804085
 293  404 -2290 -69.919239 -20.708951 3.85888051987 0.276286035776 138 0.37271428623 -0.090253587942 0.923546615339
 294  400 -2271 -69.952254 -20.539289 2.36969470978 0.257943987846 542 0.381470505916 -0.0923932205586 0.919752002396
 295  400 -2256 -69.954064 -20.403934 1.31617581844 0.369422674179 554 0.385628774297 -0.0933953883757 0.917914892495
 296  400 -2241 -69.952567 -20.268794 0.237343683839 0.321503251791 569 0.389391791308 -0.0942981162231 0.916232447656
 297  400 -2226 -69.951845 -20.131752 -0.844717204571 0.226820081472 593 0.393292732875 -0.095233180553 0.914467860337
 298  400 -2211 -69.951351 -19.998737 -1.15892469883 0.0807149708271 605 0.397125227328 -0.0961496790433 0.912713971099
 299  400 -2196 -69.951129 -19.862807 -1.30534338951 0.122505664825 566 0.401058979402 -0.0970898957218 0.910892555239
 300  400 -2181 -69.949703 -19.725772 -1.53796863556 0.256682276726 566 0.404790323039 -0.0979816365241 0.909144869247
 301  400 -2166 -69.949068 -19.590313 -2.15320134163 0.491474419832 589 0.408545569369 -0.0988784526294 0.907366281804
 302  400 -2151 -69.948374 -19.455556 -3.25428581238 0.785028159618 599 0.412266035517 -0.0997652928994 0.90558467428
 303  400 -2136 -69.948003 -19.320006 -4.69166326523 1.22935533524 596 0.416096616611 -0.100675655166 0.903730058204
 304  401 -2121 -69.938103 -19.187357 -4.95334291458 1.15582597256 531 0.41863595035 -0.101271607675 0.902489890555
 305  402 -2107 -69.922678 -19.054688 -4.10258769989 0.757349967957 406 0.420778677374 -0.101763101445 0.901437505239
 306  404 -2092 -69.910882 -18.919084 -3.59076499939 0.466201603413 325 0.423440070834 -0.102380031663 0.900120456122
 307  405 -2077 -69.893320 -18.786658 -3.19592928886 0.277324587107 172 0.42527331793 -0.102796315023 0.89920827547
 308  411 -2432 -69.856188 -21.995104 -1.83187949657 0.273109316826 104 0.326658142417 -0.0790419403741 0.941831635514
 309  411 -2440 -69.861728 -22.062870 -2.1338019371 0.248294055462 80 0.325157119911 -0.0786869781861 0.942380606143
 310  411 -2417 -69.854993 -21.861464 -1.30856215954 0.267061620951 113 0.330693503475 -0.0800158643201 0.940339974805
 311  417 -2417 -69.802304 -21.857833 -1.90852200985 0.0941272601485 48 0.324559073641 -0.0784829236297 0.942603754722
 312  411 -2425 -69.854824 -21.928708 -1.52603602409 0.267833471298 112 0.328590924207 -0.0795064375012 0.9411199344
 313  411 -2402 -69.853822 -21.726066 -1.2106320858 0.374770969152 122 0.334681028731 -0.0809840570934 0.938845137125
 314  418 -2402 -69.785112 -21.724946 -2.35944318771 0.287133663893 103 0.326647234338 -0.0789728132039 0.941841217549
 315  411 -2410 -69.853489 -21.793211 -1.2317596674 0.306100994349 116 0.332595642262 -0.0804772083603 0.939629478935
 316  418 -2410 -69.792221 -21.792505 -2.05852842331 0.187915757298 75 0.325373605294 -0.0786722605855 0.942307111505
 317  411 -2387 -69.852939 -21.590283 -1.03447949886 0.336708605289 126 0.338624900628 -0.0819461719481 0.937346254901
 318  419 -2387 -69.779198 -21.590151 -2.12926483154 0.284872174263 117 0.329975235995 -0.0797829267088 0.940612049804
 319  411 -2395 -69.851118 -21.658405 -1.16330206394 0.363718062639 121 0.33641482947 -0.0814033539606 0.938188976953
 320  419 -2395 -69.780516 -21.658750 -2.31947612762 0.299779504538 111 0.328096948187 -0.0793235106384 0.941307693186
 321  415 -2376 -69.816262 -21.489531 -1.76625156403 0.428040385246 490 0.337328043969 -0.0816033057012 0.93784363902
 322  415 -2361 -69.817191 -21.353441 -0.71253323555 0.667674958706 468 0.341614426535 -0.0826408102642 0.936199807767
 323  415 -2346 -69.814948 -21.218956 0.771557986736 0.724617898464 480 0.345440673338 -0.0835650058941 0.934712592722
 324  415 -2331 -69.815021 -21.082749 1.97532522678 0.606195688248 495 0.349652248334 -0.0845792125841 0.933053943796
 325  415 -2316 -69.816967 -20.946774 2.45996570587 0.610603094101 518 0.354028621816 -0.085636563772 0.931305596397
 326  415 -2301 -69.814427 -20.811990 2.44129443169 0.696501433849 513 0.357781624267 -0.08654160065 0.929786459728
 327  415 -2286 -69.813177 -20.675954 1.97162389755 0.708699464798 532 0.361720127457 -0.0874912691303 0.928172304703
 328  415 -2271 -69.812319 -20.540203 1.23394405842 0.558777451515 514 0.365711495019 -0.0884518029787 0.926515720838
 329  415 -2256 -69.812073 -20.404762 0.465764254332 0.489074289799 520 0.369680349922 -0.0894102368889 0.92484714868
 330  415 -2241 -69.810299 -20.269431 -0.406518816948 0.410484611988 525 0.373490936549 -0.0903267314708 0.923225650585
 331  415 -2226 -69.809100 -20.134674 -1.01369857788 0.235000789165 516 0.377354863635 -0.0912549214831 0.921561634508
 332  415 -2211 -69.807231 -19.997753 -1.39195203781 0.244110167027 523 0.381174353505 -0.0921717508643 0.919896994545
 333  415 -2196 -69.806949 -19.862495 -1.93833506107 0.307826042175 548 0.385081081583 -0.0931113708667 0.918173640017
 334  415 -2181 -69.806726 -19.727045 -2.5378510952 0.401398122311 562 0.38899752193 -0.0940518489171 0.916425216615
 335  415 -2166 -69.805976 -19.591464 -3.55934143066 0.569166243076 575 0.392872462499 -0.0949797189439 0.914674849987
 336  415 -2151 -69.805365 -19.456092 -5.56654262543 0.985274910927 591 0.396729214723 -0.0959028526003 0.912912138734
 337  415 -2136 -69.803460 -19.320116 -8.52365779877 1.21111762524 600 0.400384581799 -0.0967773691006 0.91122243579
 338  415 -2121 -69.803566 -19.184707 -8.52169704437 1.04127049446 607 0.40425864361 -0.0977039116181 0.909411290188
 339  414 -2107 -69.808250 -19.055656 -6.04575920105 0.801428675652 547 0.408517347686 -0.0987232936749 0.907395882691
 340  415 -2090 -69.801433 -18.909035 -4.88807106018 0.321209132671 565 0.412050812731 -0.0995559992319 0.90570565348
 341  415 -2076 -69.800887 -18.777733 -4.53817987442 0.56049400568 636 0.415705687774 -0.100425843969 0.903937736249
 342  416 -2061 -69.796211 -18.642308 -4.09418964386 0.768264174461 668 0.419079145742 -0.101221791324 0.902289764192
 343  416 -2046 -69.792543 -18.506163 -3.87258505821 0.61810362339 515 0.422609534889 -0.102054669017 0.900547625366
 344  418 -2033 -69.774701 -18.385525 -2.8936560154 0.420149177313 398 0.42418301724 -0.102408120163 0.899767383722
 345  426 -2372 -69.707309 -21.455426 -2.75830483437 0.234771504998 116 0.325521751653 -0.0786471286488 0.942258042341
 346  426 -2379 -69.713514 -21.521023 -2.91905355453 0.175621122122 91 0.324307873854 -0.0783533980897 0.942700985448
 347  426 -2357 -69.706157 -21.320579 -1.62712681293 0.291918158531 115 0.329570893869 -0.0796246850416 0.940767205767
 348  432 -2357 -69.648464 -21.317900 -2.23313641548 0.1280618608 66 0.322811140718 -0.0779369850777 0.943249062436
 349  426 -2365 -69.706306 -21.387837 -2.17703557014 0.268427848816 118 0.327480024629 -0.0791210019017 0.941539537421
 350  431 -2364 -69.657490 -21.385152 -2.519947052 0.144694462419 41 0.321788436075 -0.0776983804877 0.943618124072
 351  430 -2346 -69.672789 -21.216711 -1.359790802 0.626893758774 443 0.328818506086 -0.079412731089 0.941048355929
 352  430 -2331 -69.669896 -21.082543 -0.324350863695 0.728314578533 454 0.332669575373 -0.0803374035315 0.939615269786
 353  430 -2316 -69.667608 -20.947420 0.189751580358 0.62619805336 468 0.336568052894 -0.0812766797312 0.938145003239
 354  430 -2301 -69.667767 -20.812320 0.0385483950377 0.668989121914 482 0.340735070096 -0.0822831761852 0.936551702216
 355  430 -2286 -69.667477 -20.676394 -0.289996594191 0.662175416946 479 0.344859695235 -0.0832786262628 0.934952651748
 356  430 -2271 -69.666597 -20.540472 -0.817314267159 0.658045113087 490 0.348865960602 -0.0842466133573 0.933378299336
 357  430 -2256 -69.666698 -20.405309 -1.35474693775 0.547037422657 504 0.352964157835 -0.0852363239972 0.931746248909
 358  430 -2241 -69.666138 -20.269694 -1.77686679363 0.426532000303 508 0.356991068377 -0.0862072745523 0.930121326986
 359  430 -2226 -69.665654 -20.134571 -2.10771536827 0.405569374561 515 0.36099935848 -0.0871731847169 0.928482794156
 360  430 -2211 -69.664263 -19.998825 -2.47553944588 0.44758015871 529 0.364912497065 -0.0881144380686 0.926862835208
 361  430 -2196 -69.663384 -19.863210 -3.09438276291 0.419400244951 541 0.368884748754 -0.0890688858702 0.925197695472
 362  430 -2181 -69.663448 -19.727786 -3.77954816818 0.425619363785 555 0.372944704116 -0.0900447916318 0.923473975363
 363  430 -2166 -69.663024 -19.591959 -4.81085443497 0.498687773943 564 0.376962630499 -0.0910087295029 0.921746487035
 364  430 -2151 -69.662656 -19.456820 -6.91136074066 0.830149948597 570 0.380931136138 -0.0919610704148 0.92001882103
 365  430 -2136 -69.662206 -19.321285 -9.73208427429 0.880757629871 585 0.384856067166 -0.0929034561431 0.918289036961
 366  430 -2121 -69.661423 -19.185163 -8.90335083008 1.00642907619 603 0.388793772802 -0.0938458065412 0.916532796372
 367  430 -2106 -69.658843 -19.051635 -6.38190841675 0.609994053841 594 0.392489931004 -0.094725864865 0.914865380581
 368  430 -2090 -69.655519 -18.908351 -5.53349161148 0.258018285036 545 0.396249813013 -0.0956244506867 0.913149522323
 369  430 -2076 -69.659625 -18.779153 -5.84817743301 0.234178051353 637 0.40055937061 -0.0966558754782 0.911158511101
 370  430 -2061 -69.660814 -18.644619 -5.41562271118 0.196733802557 616 0.404747527787 -0.0976527206123 0.909199309781
 371  430 -2046 -69.659815 -18.511603 -4.78496313095 0.411479830742 577 0.408378137433 -0.0985216830503 0.907480454245
 372  430 -2033 -69.662593 -18.389296 -3.17634677887 0.497375816107 419 0.412139037467 -0.0994229815223 0.905680122638
 373  441 -2315 -69.567264 -20.941053 -1.08898282051 0.158169224858 182 0.32491048465 -0.0783653329845 0.942492467636
 374  442 -2300 -69.550755 -20.807973 -1.6135853529 0.359814375639 285 0.327074178475 -0.0788723689886 0.941701455444
 375  444 -2286 -69.535211 -20.673926 -2.26186847687 0.459088176489 398 0.329373328364 -0.0794131579792 0.940854271873
 376  445 -2271 -69.523600 -20.541012 -2.631970644 0.41601356864 476 0.332086463916 -0.0800580747459 0.939845351721
 377  445 -2256 -69.522458 -20.406066 -2.88057303429 0.37013733387 483 0.336088789216 -0.0810240436011 0.938338654283
 378  445 -2241 -69.521719 -20.269756 -2.92415595055 0.270897001028 505 0.340208074386 -0.0820156823656 0.936766723346
 379  445 -2226 -69.521043 -20.134269 -3.17173790932 0.25278699398 520 0.344292639565 -0.082998865999 0.935186487597
 380  445 -2211 -69.519341 -19.998943 -3.81558036804 0.419876754284 548 0.348281552469 -0.0839549414559 0.933622797502
 381  445 -2196 -69.520018 -19.864317 -4.46934986115 0.491206645966 543 0.352475854572 -0.0849651200255 0.931955846767
 382  445 -2181 -69.520274 -19.728073 -4.95909500122 0.374656796455 546 0.356665082163 -0.0859728927756 0.930268069361
 383  445 -2166 -69.520019 -19.592935 -5.48654413223 0.239588350058 542 0.360732752166 -0.0869511298506 0.928607227267
 384  445 -2151 -69.519577 -19.456772 -6.32596588135 0.547140061855 565 0.364818240737 -0.0879316112801 0.926917301038
 385  445 -2136 -69.520059 -19.321133 -6.70504331589 0.966591894627 570 0.368979279475 -0.0889307258734 0.925173290424
 386  445 -2121 -69.522371 -19.185309 -6.1069893837 0.82777351141 604 0.373473795301 -0.0900052580878 0.923263980528
 387  445 -2106 -69.518358 -19.050539 -5.72370910645 0.465514153242 633 0.377082736949 -0.0908659072312 0.92171144964
 388  445 -2091 -69.515990 -18.916049 -5.77374505997 0.25033646822 605 0.380638840885 -0.0917256806748 0.92016328568
 389  445 -2076 -69.518015 -18.778034 -5.49976634979 0.446881175041 593 0.385111918544 -0.0927939269588 0.918192843206
 390  445 -2061 -69.515535 -18.644708 -4.78500843048 0.292254596949 602 0.388745966629 -0.0936640421524 0.91657166694
 391  445 -2046 -69.511652 -18.506645 -3.97613501549 0.335624814034 662 0.392237264898 -0.0945020730496 0.914996877708
 392  444 -2035 -69.522120 -18.406850 -2.93904232979 0.311288684607 331 0.396382850552 -0.0955034086671 0.913104448966
 393  455 -2255 -69.430108 -20.398323 -3.64447808266 0.0662631317973 133 0.325415065613 -0.0783586416737 0.942318926026
 394  456 -2241 -69.418964 -20.266622 -3.4971473217 0.0928541570902 220 0.328259516645 -0.0790277788558 0.941275889366
 395  457 -2226 -69.406987 -20.131789 -3.83563947678 0.296137958765 313 0.331077151715 -0.0796909067488 0.94023256644
 396  458 -2211 -69.393557 -19.996869 -5.05177211761 0.53030693531 381 0.333740147305 -0.0803134957551 0.939237593198
 397  460 -2196 -69.381246 -19.862439 -6.39408969879 0.58357155323 491 0.33642139659 -0.0809478154469 0.938226036247
 398  460 -2181 -69.376934 -19.728654 -6.17464399338 0.277911305428 531 0.340069744742 -0.0818199698322 0.936834062814
 399  460 -2166 -69.377412 -19.594623 -6.19507932663 0.337137460709 523 0.344194184324 -0.0828164516986 0.935238899322
 400  460 -2151 -69.377959 -19.456506 -5.06716585159 0.480186581612 529 0.348592161971 -0.0838690921721 0.933514584777
 401  460 -2136 -69.374803 -19.321930 -4.44267034531 0.505118250847 571 0.352401582235 -0.0847786679168 0.932000913253
 402  460 -2121 -69.373836 -19.187051 -4.17301273346 0.372087597847 557 0.356508076131 -0.0857592053018 0.930347972728
 403  460 -2106 -69.376811 -19.050749 -4.4411406517 0.336279481649 526 0.361068883044 -0.0868551014987 0.928485569646
 404  460 -2091 -69.377461 -18.914178 -4.88085269928 0.195460692048 565 0.365165543248 -0.087846967091 0.926788560782
 405  460 -2076 -69.375519 -18.780918 -4.5918545723 0.198211714625 541 0.368982953224 -0.0887613441184 0.925188091158
 406  460 -2061 -69.375759 -18.642986 -4.36258745193 0.12643943727 587 0.373191317435 -0.0897702901017 0.923401069745
 407  460 -2046 -69.376235 -18.511315 -4.00696468353 0.18697451055 539 0.37718597222 -0.0907306637965 0.921682531573
 408  459 -2037 -69.387786 -18.422921 -3.36021900177 0.165047541261 124 0.381048962602 -0.091675059748 0.919998571477
 409  470 -2165 -69.280680 -19.584455 -5.85933923721 0.438381105661 187 0.33317786323 -0.0800601478166 0.939458825167
 410  471 -2151 -69.271693 -19.455524 -4.12662935257 0.401277452707 244 0.33621577937 -0.0807730145364 0.938314803158
 411  472 -2136 -69.260543 -19.321823 -3.46906542778 0.173026680946 310 0.339183074915 -0.081466291827 0.937186259496
 412  474 -2121 -69.244933 -19.185263 -3.26208758354 0.144738599658 401 0.341549308912 -0.0820197160056 0.936278182897
 413  475 -2106 -69.233903 -19.048907 -3.65540409088 0.3018027246 504 0.34439558686 -0.0826961630058 0.935175397653
 414  476 -2091 -69.227902 -18.916679 -4.30517339706 0.191579848528 549 0.347727518599 -0.0834927690129 0.933870724635
 415  475 -2076 -69.235063 -18.780166 -4.41022062302 0.127439022064 509 0.352775946439 -0.0847126309789 0.931865280911
 416  475 -2061 -69.231309 -18.644981 -3.94034457207 0.235277429223 468 0.356400474511 -0.0855839027975 0.930405340349
 417  475 -2046 -69.233772 -18.509605 -3.39622545242 0.314161896706 480 0.36067680101 -0.0866221683384 0.92865970364
 418  486 -2075 -69.129071 -18.770370 -3.96611857414 0.218525826931 210 0.340519924686 -0.0816591077757 0.936684563238
 419  488 -2060 -69.111309 -18.639943 -3.29208111763 0.320390611887 340 0.342301663037 -0.0820781277512 0.935998265184
 420  489 -2048 -69.103419 -18.524344 -2.50560998917 0.351376920938 321 0.344901418632 -0.0826962607488 0.934988951744
