 31.3926666211 40.6478343591
 31.4581080367 40.6595802542
 31.5252274373 40.6763601043
 31.5621431076 40.6881059995
 31.5889908679 40.6914619695
 31.6208725832 40.6964959245
 31.6443643734 40.6998518946
 31.6695341486 40.7065638346
 31.6963819088 40.7132757747
 31.7249076541 40.7132757747
 31.7534333994 40.7216656998
 31.8037729498 40.7317336098
 31.8541125003 40.743479505
 31.8927061556 40.74851346
 31.9296218259 40.7569033851
 31.9648595113 40.7636153251
 32.0101651067 40.7736832352
 32.0353348819 40.7787171903
 32.0739285372 40.7837511453
 32.1007762975 40.7887851004
 32.1477598779 40.7971750254
 32.1880315183 40.8022089805
 32.2182352485 40.8055649505
 32.2635408439 40.8105989056
 32.2937445742 40.8173108456
 32.3289822595 40.8223448007
 32.3591859898 40.8273787557
 32.3944236751 40.8307347257
 32.4313393455 40.8357686808
 32.4531531507 40.8357686808
 32.4783229259 40.8458365909
 32.5202725513 40.8542265159
 32.5538322516 40.860938456
 32.5873919519 40.864294426
 32.6159176971 40.8693283811
 32.6343755323 40.8710063661
 32.6612232925 40.8760403211
 32.6729691876 40.8777183062
 32.6830370977 40.8777183062
 32.6964609778 40.8810742762
 32.709884858 40.8827522612
 32.7266647081 40.8877862162
 32.7434445583 40.8894642013
 32.7619023934 40.8928201713
 32.7803602286 40.8961761413
 32.7954620937 40.8961761413
 32.8139199289 40.8995321114
 32.8374117191 40.9012100964
 32.8609035093 40.9062440514
 32.8810393295 40.9096000214
 32.9028531347 40.9129559915
 32.9263449249 40.9163119615
 32.9531926852 40.9196679315
 32.9766844754 40.9213459166
 33.0018542506 40.9213459166
 33.0169561157 40.9213459166
 33.045481861 40.9230239016
 33.0605837261 40.9280578566
 33.0756855913 40.9297358416
 33.0941434264 40.9330918117
 33.1142792466 40.9364477817
 33.1411270068 40.9398037517
 33.1662967821 40.9465156918
 33.1881105873 40.9515496468
 33.2116023775 40.9565836019
 33.2418061078 40.9582615869
 33.2753658081 40.9616175569
 33.3139594634 40.9632955419
 33.3475191637 40.9649735269
 33.3517786641 40.9648444512
 33.3978587142 40.970007482
 33.4498762496 40.9758804295
 33.5077667326 40.9825923696
 33.5639792306 40.9951772572
 33.5849540433 40.9976942347
 33.6235476987 41.0086011373
 33.6613023615 41.0178300549
 33.6906670993 41.0253809875
 33.7326167247 41.0329319201
 33.7863122452 41.0455168077
 33.8349738106 41.0606186728
 33.8878303386 41.0706865829
 33.9247460089 41.0782375155
 33.9473988066 41.0849494555
 33.9725685818 41.0866274405
 33.9982975373 41.0907937815
 34.0286727481 41.0942986135
 34.0543748496 41.1001400002
 34.0777403963 41.1013082775
 34.0952645564 41.1036448322
 34.1104521618 41.1036448322
 34.1244714898 41.1059813869
 34.1431639273 41.1059813869
 34.170034306 41.1083179416
 34.1887267434 41.1106544963
 34.2050826262 41.1118227736
 34.2261116183 41.1141593283
 34.2471406103 41.1141593283
 34.2716744344 41.1118227736
 34.2962082585 41.1106544963
 34.3149006959 41.1106544963
 34.32191036 41.1129910509
 34.3312565787 41.1118227736
 34.3452759067 41.1106544963
 34.3721462855 41.1094862189
 34.3896704456 41.1094862189
 34.4001849416 41.1106544963
 34.411867715 41.1129910509
 34.4340649844 41.1129910509
 34.4469160351 41.1129910509
 34.4632719179 41.1153276056
 34.4772912459 41.1176641603
 34.491310574 41.1164958829
 34.5146761208 41.1153276056
 34.5298637261 41.1153276056
 34.5567341049 41.1153276056
 34.574258265 41.1176641603
 34.5941189797 41.120000715
 34.6116431398 41.1188324376
 34.6291672999 41.1176641603
 34.6490280146 41.1164958829
 34.6700570067 41.1164958829
 34.6922542761 41.1164958829
 34.7132832682 41.1164958829
 34.736648815 41.1176641603
 34.743658479 41.1176641603
 34.747163311 41.1141593283
 34.7623509164 41.1118227736
 34.7915578499 41.1118227736
 34.7915578499 41.1118227736
 34.8114185646 41.1106544963
 34.8359523887 41.1106544963
 34.8674958768 41.1106544963
 34.8674958768 41.1106544963
 34.9037124743 41.1094862189
 34.9305828531 41.1059813869
 34.9492752905 41.1013082775
 34.9644628959 41.1013082775
 34.9831553333 41.1024765549
 35.0053526027 41.1024765549
 35.0333912589 41.1024765549
